image: nakano_11f_sim_half.png
resolution: 0.050000
origin: [-15.000000, -15.000000, 0.000000]
negate: 0
occupied_thresh: 0.5
free_thresh: 0.02

